
===============================================
                        Dependent variable:    
                    ---------------------------
                                               
-----------------------------------------------
accidente_Mu                   0.230           
                              (0.143)          
                                               
condicion2                   0.170***          
                              (0.035)          
                                               
genero2                        0.001           
                              (0.075)          
                                               
dist_hospi                    0.00000          
                             (0.00000)         
                                               
dist_cpoblado               -0.00001**         
                             (0.00000)         
                                               
dist_vias                   -0.00001**         
                             (0.00000)         
                                               
as.factor(month)2              0.059           
                              (0.073)          
                                               
as.factor(month)3              0.036           
                              (0.077)          
                                               
as.factor(month)4              0.057           
                              (0.077)          
                                               
as.factor(month)5             0.135*           
                              (0.074)          
                                               
as.factor(month)6              0.014           
                              (0.077)          
                                               
as.factor(month)7            0.266***          
                              (0.084)          
                                               
as.factor(month)8              0.114           
                              (0.075)          
                                               
as.factor(month)9              0.110           
                              (0.081)          
                                               
as.factor(month)10            -0.004           
                              (0.079)          
                                               
as.factor(month)11             0.021           
                              (0.084)          
                                               
as.factor(month)12            -0.034           
                              (0.082)          
                                               
Constant                       0.080           
                              (0.092)          
                                               
-----------------------------------------------
Observations                    874            
R2                             0.079           
Adjusted R2                    0.060           
Residual Std. Error            0.395           
F Statistic                  4.303***          
===============================================
Note:               *p<0.1; **p<0.05; ***p<0.01

======================================================================================
Statistic               N     Mean    St. Dev.    Min    Pctl(25) Pctl(75)     Max    
--------------------------------------------------------------------------------------
year                   874 2,008.843    4.992    2,002    2,005     2,012     2,020   
month                  874   6.157      3.253      1        3         9         12    
cod_mpio               874 54,536.730  269.570   54,001   54,250   54,800     54,820  
dist_hospi             874 5,619.760  7,076.977  18.779  179.637  9,407.458 37,434.430
dist_cpoblado          874 5,291.177  6,691.531  0.000    0.000   9,844.405 35,690.630
dist_vias              874 2,685.254  4,376.903  0.899    29.204  3,666.600 19,278.210
fallecido              874   0.211      0.408      0        0         0         1     
genero2                874   0.962      0.191      0        1         1         1     
condicion2             874   0.693      0.461      0        0         1         1     
accidente_Mu           874   0.009      0.095      0        0         0         1     
fitted                 874   0.211      0.114    -0.145   0.117     0.293     0.517   
se.fitted              874   0.055      0.013    0.040    0.047     0.059     0.155   
dydx_accidente_Mu      874   0.230      0.000    0.230    0.230     0.230     0.230   
dydx_condicion2        874   0.170      0.000    0.170    0.170     0.170     0.170   
dydx_genero2           874   0.001      0.000    0.001    0.001     0.001     0.001   
dydx_dist_hospi        874  0.00000     0.000   0.00000  0.00000   0.00000   0.00000  
dydx_dist_cpoblado     874  -0.00001    0.000   -0.00001 -0.00001 -0.00001   -0.00001 
dydx_dist_vias         874  -0.00001    0.000   -0.00001 -0.00001 -0.00001   -0.00001 
dydx_month2            874   0.059      0.000    0.059    0.059     0.059     0.059   
dydx_month3            874   0.036      0.000    0.036    0.036     0.036     0.036   
dydx_month4            874   0.057      0.000    0.057    0.057     0.057     0.057   
dydx_month5            874   0.135      0.000    0.135    0.135     0.135     0.135   
dydx_month6            874   0.014      0.000    0.014    0.014     0.014     0.014   
dydx_month7            874   0.266      0.000    0.266    0.266     0.266     0.266   
dydx_month8            874   0.114      0.000    0.114    0.114     0.114     0.114   
dydx_month9            874   0.110      0.000    0.110    0.110     0.110     0.110   
dydx_month10           874   -0.004     0.000    -0.004   -0.004   -0.004     -0.004  
dydx_month11           874   0.021      0.000    0.021    0.021     0.021     0.021   
dydx_month12           874   -0.034     0.000    -0.034   -0.034   -0.034     -0.034  
Var_dydx_accidente_Mu  874   0.020      0.000    0.020    0.020     0.020     0.020   
Var_dydx_condicion2    874   0.001      0.000    0.001    0.001     0.001     0.001   
Var_dydx_genero2       874   0.006      0.000    0.006    0.006     0.006     0.006   
Var_dydx_dist_hospi    874   0.000      0.000      0        0         0         0     
Var_dydx_dist_cpoblado 874   0.000      0.000      0        0         0         0     
Var_dydx_dist_vias     874   0.000      0.000      0        0         0         0     
Var_dydx_month2        874   0.005      0.000    0.005    0.005     0.005     0.005   
Var_dydx_month3        874   0.006      0.000    0.006    0.006     0.006     0.006   
Var_dydx_month4        874   0.006      0.000    0.006    0.006     0.006     0.006   
Var_dydx_month5        874   0.006      0.000    0.006    0.006     0.006     0.006   
Var_dydx_month6        874   0.006      0.000    0.006    0.006     0.006     0.006   
Var_dydx_month7        874   0.007      0.000    0.007    0.007     0.007     0.007   
Var_dydx_month8        874   0.006      0.000    0.006    0.006     0.006     0.006   
Var_dydx_month9        874   0.007      0.000    0.007    0.007     0.007     0.007   
Var_dydx_month10       874   0.006      0.000    0.006    0.006     0.006     0.006   
Var_dydx_month11       874   0.007      0.000    0.007    0.007     0.007     0.007   
Var_dydx_month12       874   0.007      0.000    0.007    0.007     0.007     0.007   
_at_number             874   1.000      0.000      1        1         1         1     
--------------------------------------------------------------------------------------

======================================================================================
Statistic               N     Mean    St. Dev.    Min    Pctl(25) Pctl(75)     Max    
--------------------------------------------------------------------------------------
year                   874 2,008.843    4.992    2,002    2,005     2,012     2,020   
month                  874   6.157      3.253      1        3         9         12    
cod_mpio               874 54,536.730  269.570   54,001   54,250   54,800     54,820  
dist_hospi             874 5,619.760  7,076.977  18.779  179.637  9,407.458 37,434.430
dist_cpoblado          874 5,291.177  6,691.531  0.000    0.000   9,844.405 35,690.630
dist_vias              874 2,685.254  4,376.903  0.899    29.204  3,666.600 19,278.210
fallecido              874   0.211      0.408      0        0         0         1     
genero2                874   0.962      0.191      0        1         1         1     
condicion2             874   0.693      0.461      0        0         1         1     
accidente_Mu           874   0.009      0.095      0        0         0         1     
fitted                 874   0.211      0.114    -0.145   0.117     0.293     0.517   
se.fitted              874   0.055      0.013    0.040    0.047     0.059     0.155   
dydx_accidente_Mu      874   0.230      0.000    0.230    0.230     0.230     0.230   
dydx_condicion2        874   0.170      0.000    0.170    0.170     0.170     0.170   
dydx_genero2           874   0.001      0.000    0.001    0.001     0.001     0.001   
dydx_dist_hospi        874  0.00000     0.000   0.00000  0.00000   0.00000   0.00000  
dydx_dist_cpoblado     874  -0.00001    0.000   -0.00001 -0.00001 -0.00001   -0.00001 
dydx_dist_vias         874  -0.00001    0.000   -0.00001 -0.00001 -0.00001   -0.00001 
dydx_month2            874   0.059      0.000    0.059    0.059     0.059     0.059   
dydx_month3            874   0.036      0.000    0.036    0.036     0.036     0.036   
dydx_month4            874   0.057      0.000    0.057    0.057     0.057     0.057   
dydx_month5            874   0.135      0.000    0.135    0.135     0.135     0.135   
dydx_month6            874   0.014      0.000    0.014    0.014     0.014     0.014   
dydx_month7            874   0.266      0.000    0.266    0.266     0.266     0.266   
dydx_month8            874   0.114      0.000    0.114    0.114     0.114     0.114   
dydx_month9            874   0.110      0.000    0.110    0.110     0.110     0.110   
dydx_month10           874   -0.004     0.000    -0.004   -0.004   -0.004     -0.004  
dydx_month11           874   0.021      0.000    0.021    0.021     0.021     0.021   
dydx_month12           874   -0.034     0.000    -0.034   -0.034   -0.034     -0.034  
Var_dydx_accidente_Mu  874   0.020      0.000    0.020    0.020     0.020     0.020   
Var_dydx_condicion2    874   0.001      0.000    0.001    0.001     0.001     0.001   
Var_dydx_genero2       874   0.006      0.000    0.006    0.006     0.006     0.006   
Var_dydx_dist_hospi    874   0.000      0.000      0        0         0         0     
Var_dydx_dist_cpoblado 874   0.000      0.000      0        0         0         0     
Var_dydx_dist_vias     874   0.000      0.000      0        0         0         0     
Var_dydx_month2        874   0.005      0.000    0.005    0.005     0.005     0.005   
Var_dydx_month3        874   0.006      0.000    0.006    0.006     0.006     0.006   
Var_dydx_month4        874   0.006      0.000    0.006    0.006     0.006     0.006   
Var_dydx_month5        874   0.006      0.000    0.006    0.006     0.006     0.006   
Var_dydx_month6        874   0.006      0.000    0.006    0.006     0.006     0.006   
Var_dydx_month7        874   0.007      0.000    0.007    0.007     0.007     0.007   
Var_dydx_month8        874   0.006      0.000    0.006    0.006     0.006     0.006   
Var_dydx_month9        874   0.007      0.000    0.007    0.007     0.007     0.007   
Var_dydx_month10       874   0.006      0.000    0.006    0.006     0.006     0.006   
Var_dydx_month11       874   0.007      0.000    0.007    0.007     0.007     0.007   
Var_dydx_month12       874   0.007      0.000    0.007    0.007     0.007     0.007   
_at_number             874   1.000      0.000      1        1         1         1     
--------------------------------------------------------------------------------------
